0	0.0638094
1	0.0637988
2	0.0637788
3	0.0637446
4	0.0636883
5	0.063599
6	0.0634618
7	0.0632579
8	0.0629644
9	0.0625561
10	0.0620069
11	0.0612929
12	0.0603953
13	0.0593037
14	0.058018
15	0.0565505
16	0.054925
17	0.0531758
18	0.0513446
19	0.0494772
20	0.047621
21	0.0458221
22	0.0441272
23	0.0425866
24	0.0412648
25	0.0401778
26	0.0393816
27	0.0388353
28	0.0384509
29	0.0382226
30	0.0381364
31	0.0381311
32	0.038188
33	0.0383031
34	0.0384868
35	0.0387492
36	0.0390746
37	0.0394491
38	0.0398637
39	0.0403116
40	0.0407863
41	0.0412828
42	0.0417979
43	0.042328
44	0.0428702
45	0.0434216
46	0.0439795
47	0.0445418
48	0.0451068
49	0.0456712
50	0.0462309
51	0.0467828
52	0.0473234
53	0.047848
54	0.0483531
55	0.0488364
56	0.0492937
57	0.0497227
58	0.050123
59	0.0504936
60	0.0508341
61	0.051146
62	0.0514301
63	0.0516844
64	0.0519107
65	0.0521095
66	0.052286
67	0.0524365
68	0.0525546
69	0.0526369
70	0.0526782
71	0.0526776
72	0.052625
73	0.0525188
74	0.052366
75	0.0521573
76	0.0518929
77	0.0515777
78	0.0512085
79	0.0507814
80	0.0503022
81	0.0497791
82	0.0492051
83	0.0485846
84	0.0479449
85	0.0472827
86	0.0465846
87	0.0458681
88	0.0451616
89	0.0444501
90	0.0437271
91	0.0430204
92	0.0423566
93	0.0417607
94	0.0412263
95	0.0407548
96	0.0403442
97	0.0400277
98	0.0397938
99	0.0396456
100	0.039571
101	0.0395952
102	0.0397064
103	0.0399067
104	0.0402275
105	0.0406745
106	0.04124
107	0.041845
108	0.0424422
109	0.0430323
110	0.0436533
111	0.0442236
112	0.044715
113	0.0451391
114	0.0455121
115	0.0458568
116	0.0461978
117	0.0465637
118	0.046988
119	0.0474241
120	0.0478442
121	0.0482302
122	0.0485825
123	0.0489008
124	0.049163
125	0.0493451
126	0.0494469
127	0.0494766
128	0.0494539
129	0.0494145
130	0.0493759
131	0.0493261
132	0.0492568
133	0.0491791
134	0.0491129
135	0.0490797
136	0.0491146
137	0.04917
138	0.0492057
139	0.0491928
140	0.0490941
141	0.0488874
142	0.0485839
143	0.0481997
144	0.0477482
145	0.0472593
146	0.0468022
147	0.0464174
148	0.0461416
149	0.0459543
150	0.0458231
151	0.0456934
152	0.045473
153	0.045117
154	0.044606
155	0.0439529
156	0.0431838
157	0.0423591
158	0.0415527
159	0.0408361
160	0.0403637
161	0.0401335
162	0.0402172
163	0.0405623
164	0.0410137
165	0.0415192
166	0.0420139
167	0.042433
168	0.04277
169	0.0430746
170	0.0433634
171	0.0436233
172	0.0438317
173	0.0440301
174	0.0442344
175	0.0444346
176	0.0445799
177	0.0447133
178	0.0448772
179	0.0450324
180	0.0451282
181	0.0451272
182	0.0450568
183	0.0449734
184	0.0449491
185	0.0449924
186	0.0451098
187	0.0453407
188	0.0456172
189	0.045869
190	0.0461277
191	0.0462856
192	0.046256
193	0.0460201
194	0.045585
195	0.0449855
196	0.0442381
197	0.043383
198	0.042516
199	0.0418223
200	0.0413212
201	0.0410256
202	0.040971
203	0.0410762
204	0.041291
205	0.0416709
206	0.0423556
207	0.0433132
208	0.0443097
209	0.0452038
210	0.0459278
211	0.0464578
212	0.0468132
213	0.0469482
214	0.0468127
215	0.0464028
216	0.0457638
217	0.0449602
218	0.0440954
219	0.0432089
220	0.0423418
221	0.0415924
222	0.0410643
223	0.040915
224	0.0411423
225	0.0416679
226	0.0424763
227	0.0433242
228	0.044081
229	0.0447244
230	0.0452327
231	0.0455908
232	0.0458219
233	0.0459467
234	0.0459368
235	0.0457904
236	0.0455364
237	0.0452225
238	0.0448952
239	0.0445972
240	0.0443774
241	0.0441592
242	0.0439004
243	0.0436035
244	0.0432789
245	0.0429733
246	0.04264
247	0.0422852
248	0.0419843
249	0.041768
250	0.0416419
251	0.0416279
252	0.0417172
253	0.0418535
254	0.042097
255	0.0424612
256	0.0428977
257	0.0433631
258	0.0438657
259	0.0444137
260	0.0449797
261	0.0456002
262	0.0462661
263	0.0469365
264	0.0475504
265	0.0480534
266	0.0484061
267	0.0485386
268	0.0484001
269	0.0480048
270	0.0473882
271	0.0466083
272	0.0458024
273	0.045083
274	0.0444555
275	0.0439141
276	0.0435435
277	0.0432886
278	0.0430306
279	0.0427378
280	0.0423846
281	0.0419596
282	0.0415449
283	0.0412991
284	0.0412667
285	0.0414856
286	0.0419179
287	0.0424275
288	0.0429936
289	0.0436117
290	0.0441787
291	0.0446055
292	0.0448677
293	0.0449712
294	0.0449491
295	0.0448594
296	0.0447396
297	0.0445542
298	0.0442357
299	0.0437692
300	0.0431391
301	0.0423603
302	0.0414764
303	0.0406033
304	0.0398723
305	0.039338
306	0.0388985
307	0.0385155
308	0.0382201
309	0.0380026
310	0.0379525
311	0.0381327
312	0.0386144
313	0.0392665
314	0.0399772
315	0.0407181
316	0.0415167
317	0.0422988
318	0.0430426
319	0.0437686
320	0.0444612
321	0.0451178
322	0.0457285
323	0.0462612
324	0.0466788
325	0.0469338
326	0.0470155
327	0.0469336
328	0.0467572
329	0.0464731
330	0.0460677
331	0.0455229
332	0.0448493
333	0.0440691
334	0.0432502
335	0.042486
336	0.0419569
337	0.0416694
338	0.0415311
339	0.0415472
340	0.041823
341	0.0425882
342	0.0436918
343	0.0449675
344	0.0462346
345	0.0473905
346	0.0483725
347	0.0491766
348	0.0498682
349	0.0504803
350	0.0509616
351	0.0512808
352	0.0514173
353	0.0513702
354	0.0512005
355	0.0509328
356	0.0505331
357	0.0500476
358	0.0495061
359	0.0489968
360	0.048539
361	0.0481151
362	0.0476752
363	0.0472545
364	0.0469782
365	0.0468172
366	0.04664
367	0.0464495
368	0.0462529
369	0.0460159
370	0.045708
371	0.0453893
372	0.0452064
373	0.0452233
374	0.0453189
375	0.0454312
376	0.0455913
377	0.0457333
378	0.0457688
379	0.045724
380	0.0456044
381	0.0454059
382	0.0452143
383	0.0450786
384	0.0449106
385	0.0446825
386	0.0444102
387	0.0441381
388	0.043893
389	0.0437291
390	0.0436945
391	0.0437661
392	0.0438694
393	0.0439667
394	0.0441621
395	0.0444231
396	0.0447577
397	0.0451162
398	0.0454696
399	0.0457535
400	0.0459501
401	0.0460716
402	0.0460641
403	0.0458774
404	0.0455128
405	0.0450038
406	0.0444193
407	0.0437982
408	0.0431877
409	0.0427182
410	0.0425214
411	0.0426594
412	0.0431348
413	0.0438052
414	0.0445056
415	0.0451161
416	0.0455445
417	0.0457254
418	0.0456358
419	0.0453148
420	0.0448313
421	0.0442802
422	0.0438346
423	0.0437613
424	0.0441494
425	0.0446971
426	0.0452267
427	0.0456515
428	0.0459277
429	0.0460724
430	0.0461482
431	0.0460873
432	0.0458534
433	0.0454161
434	0.0447987
435	0.0440526
436	0.0432527
437	0.0425571
438	0.0422827
439	0.0423043
440	0.0423811
441	0.042426
442	0.0424108
443	0.0423933
444	0.0424136
445	0.0424837
446	0.0426995
447	0.0429883
448	0.0432091
449	0.0433018
450	0.0432312
451	0.0429748
452	0.0426581
453	0.0423096
454	0.0419653
455	0.0414888
456	0.0408863
457	0.0402309
458	0.0395921
459	0.0391207
460	0.0388317
461	0.0387685
462	0.0388274
463	0.0390004
464	0.0392841
465	0.039474
466	0.0395207
467	0.0394259
468	0.0392801
469	0.039158
470	0.0389896
471	0.0387872
472	0.0386097
473	0.0384992
474	0.0384256
475	0.038349
476	0.0382695
477	0.0382421
478	0.0383069
479	0.0384909
480	0.0387912
481	0.0392375
482	0.0398845
483	0.0404661
484	0.0408708
485	0.0410843
486	0.0411233
487	0.0409919
488	0.040757
489	0.0404918
490	0.040294
491	0.0403984
492	0.040769
493	0.0412918
494	0.0419114
495	0.0425796
496	0.043257
497	0.0439281
498	0.0445603
499	0.0450975
500	0.0455243
501	0.0458478
502	0.0461322
503	0.0464832
504	0.0468796
505	0.047324
506	0.0478537
507	0.0484301
508	0.0489245
509	0.0492921
510	0.04954
511	0.0496725
512	0.0497435
513	0.0497715
514	0.049756
515	0.0497288
516	0.0497659
517	0.0498444
518	0.0498421
519	0.049719
520	0.0494771
521	0.0491044
522	0.0486396
523	0.0481886
524	0.0477587
525	0.0473171
526	0.04692
527	0.0465085
528	0.0460981
529	0.0457716
530	0.0455726
531	0.0455464
532	0.0456855
533	0.0459476
534	0.0461756
535	0.0463457
536	0.0465033
537	0.0467124
538	0.0468571
539	0.046857
540	0.0466969
541	0.0463743
542	0.0458927
543	0.0452691
544	0.0445942
545	0.0438632
546	0.0431135
547	0.0424597
548	0.0420788
549	0.0421812
550	0.0427057
551	0.0434815
552	0.0443794
553	0.0453167
554	0.0462357
555	0.0470683
556	0.047744
557	0.0482311
558	0.0485227
559	0.0486318
560	0.0485924
561	0.048472
562	0.0482672
563	0.0479842
564	0.0476746
565	0.047343
566	0.0470478
567	0.0467977
568	0.0465827
569	0.0464651
570	0.0464806
571	0.0466666
572	0.0469333
573	0.0472165
574	0.0474945
575	0.0477288
576	0.0478928
577	0.0480585
578	0.048273
579	0.0484905
580	0.0487093
581	0.0488949
582	0.0490419
583	0.0491366
584	0.0491867
585	0.04914
586	0.0489611
587	0.048667
588	0.0482762
589	0.0477901
590	0.0472814
591	0.0467541
592	0.0462295
593	0.0457676
594	0.0454085
595	0.0450735
596	0.0447075
597	0.0442893
598	0.0437902
599	0.0431984
600	0.0425653
601	0.0419999
602	0.041609
603	0.0413932
604	0.0412713
605	0.0412241
606	0.0411765
607	0.0411304
608	0.0410852
609	0.0410072
610	0.0408957
611	0.0407801
612	0.0406445
613	0.0404655
614	0.0402514
615	0.0400578
616	0.0399022
617	0.0397511
618	0.0395717
619	0.0393313
620	0.0391324
621	0.0390456
622	0.0390677
623	0.0392383
624	0.0395195
625	0.0398647
626	0.0402082
627	0.0404603
628	0.0405681
629	0.040521
630	0.0403453
631	0.040143
632	0.0400616
633	0.0400201
634	0.039974
635	0.0399193
636	0.0399358
637	0.0399847
638	0.0400128
639	0.0399901
640	0.039972
641	0.0400321
642	0.0400815
643	0.0400943
644	0.0400869
645	0.0401009
646	0.0401954
647	0.0405025
648	0.0411026
649	0.041827
650	0.0425354
651	0.0431532
652	0.0436277
653	0.0439408
654	0.0441345
655	0.0442269
656	0.0442356
657	0.044118
658	0.0438324
659	0.0433407
660	0.0426861
661	0.0420427
662	0.0415541
663	0.0415385
664	0.0418293
665	0.042307
666	0.04292
667	0.0436872
668	0.0445669
669	0.0454842
670	0.0464499
671	0.0473353
672	0.0480172
673	0.048435
674	0.04856
675	0.0483816
676	0.0479079
677	0.0472097
678	0.0464514
679	0.0456391
680	0.0448323
681	0.0441062
682	0.0435582
683	0.043367
684	0.0438373
685	0.0446854
686	0.045721
687	0.046837
688	0.0479014
689	0.0488271
690	0.0495642
691	0.0501255
692	0.050559
693	0.0508777
694	0.0511202
695	0.0512766
696	0.0513037
697	0.0511965
698	0.0509454
699	0.0505648
700	0.0500996
701	0.0496184
702	0.0491592
703	0.0486397
704	0.0480218
705	0.0473873
706	0.0468905
707	0.0467639
708	0.0468663
709	0.0469908
710	0.0470594
711	0.0470464
712	0.0469484
713	0.0467924
714	0.0466657
715	0.0466152
716	0.0465631
717	0.0464339
718	0.0462243
719	0.0459856
720	0.0457394
721	0.0454256
722	0.0450633
723	0.0447176
724	0.0443608
725	0.0440621
726	0.043831
727	0.0436484
728	0.0435597
729	0.0435498
730	0.043662
731	0.0439475
732	0.0442901
733	0.0445723
734	0.0448299
735	0.0451061
736	0.0453411
737	0.0455656
738	0.04588
739	0.0464417
740	0.0471192
741	0.0477725
742	0.0483359
743	0.0488168
744	0.0492297
745	0.0494739
746	0.0495167
747	0.0493724
748	0.0490926
749	0.0486841
750	0.0481084
751	0.0473514
752	0.0464796
753	0.0455393
754	0.0445385
755	0.0435788
756	0.0428331
757	0.0422897
758	0.0420893
759	0.0423998
760	0.0430809
761	0.0438829
762	0.0446441
763	0.0452804
764	0.0457651
765	0.0461717
766	0.0464646
767	0.0466108
768	0.0466632
769	0.0466058
770	0.046476
771	0.046297
772	0.0460923
773	0.0458858
774	0.0456455
775	0.0453345
776	0.0448527
777	0.044164
778	0.0433271
779	0.0423842
780	0.0414414
781	0.0406863
782	0.0404146
783	0.0406069
784	0.041224
785	0.0421153
786	0.0430142
787	0.0438208
788	0.0445272
789	0.0450863
790	0.0454695
791	0.0457051
792	0.0457778
793	0.0456575
794	0.0454245
795	0.0450914
796	0.0446676
797	0.0441821
798	0.043796
799	0.0436358
800	0.0436961
801	0.0439147
802	0.0441691
803	0.044424
804	0.0446573
805	0.0449072
806	0.0452247
807	0.0455777
808	0.0459586
809	0.0463056
810	0.046509
811	0.0465465
812	0.0464863
813	0.0464801
814	0.0465749
815	0.0466733
816	0.0467346
817	0.0466709
818	0.0464551
819	0.0461164
820	0.0457348
821	0.0453683
822	0.0450585
823	0.0449355
824	0.0449686
825	0.0450904
826	0.0452664
827	0.0454773
828	0.045616
829	0.0456156
830	0.0454755
831	0.0452005
832	0.0448198
833	0.0443698
834	0.0439328
835	0.0436177
836	0.0434682
837	0.0433898
838	0.0433146
839	0.0432609
840	0.04317
841	0.0430565
842	0.0429399
843	0.0428424
844	0.0427905
845	0.0428059
846	0.0428308
847	0.0428314
848	0.0427993
849	0.0426743
850	0.0425575
851	0.0424356
852	0.042224
853	0.0419087
854	0.0415435
855	0.0411984
856	0.0409384
857	0.0409
858	0.0411248
859	0.0415761
860	0.0421105
861	0.0426574
862	0.0431927
863	0.0437222
864	0.0442655
865	0.0447732
866	0.0451675
867	0.0453952
868	0.0454205
869	0.0452265
870	0.0448169
871	0.0442906
872	0.0437926
873	0.0431952
874	0.0424391
875	0.041555
876	0.0405875
877	0.0396669
878	0.0391146
879	0.0394848
880	0.0403862
881	0.0414942
882	0.0425811
883	0.0434855
884	0.0441301
885	0.0444878
886	0.0446324
887	0.0445995
888	0.0443815
889	0.0439866
890	0.0434544
891	0.0428698
892	0.0422637
893	0.041732
894	0.0412958
895	0.0409017
896	0.0405509
897	0.0403407
898	0.0403842
899	0.0405586
900	0.0408774
901	0.0413178
902	0.041969
903	0.0428012
904	0.0437077
905	0.0446309
906	0.0454832
907	0.0461731
908	0.0466277
909	0.0468284
910	0.0468032
911	0.0465885
912	0.046222
913	0.0457539
914	0.0451906
915	0.0445896
916	0.0440449
917	0.0434658
918	0.0428669
919	0.0423901
920	0.0422969
921	0.0425579
922	0.0430119
923	0.0434719
924	0.0438343
925	0.0440382
926	0.0440507
927	0.0438768
928	0.0435555
929	0.0430827
930	0.0424412
931	0.0416656
932	0.0408155
933	0.0400018
934	0.0393746
935	0.0390651
936	0.0390761
937	0.0393251
938	0.0397615
939	0.0403886
940	0.0410883
941	0.0417813
942	0.0425034
943	0.0432396
944	0.0439434
945	0.0445867
946	0.0451709
947	0.0456827
948	0.0460929
949	0.046412
950	0.0466484
951	0.0467956
952	0.0468596
953	0.0469076
954	0.047021
955	0.0471994
956	0.0474726
957	0.0478033
958	0.0481483
959	0.0485047
960	0.0488309
961	0.0490538
962	0.0491715
963	0.0491958
964	0.049103
965	0.0488971
966	0.0485983
967	0.0482721
968	0.0479869
969	0.0477726
970	0.0477105
971	0.0477845
972	0.0479457
973	0.0481398
974	0.0482832
975	0.0483137
976	0.0482248
977	0.0480762
978	0.047876
979	0.0476083
980	0.0473024
981	0.0470007
982	0.0467292
983	0.0465013
984	0.0462843
985	0.0460145
986	0.0456462
987	0.0451504
988	0.0445657
989	0.043861
990	0.0430417
991	0.0421555
992	0.0412605
993	0.0405008
994	0.0401723
995	0.0404392
996	0.0410581
997	0.0418749
998	0.0428082
999	0.0437396
